0.1128 0.1045 0.1181 0.1138 0.0988 0.0848 0.0761 0.0872 0.0802 0.0687 0.0691 0.0657 0.0535 0.0429 0.0399 0.0514 0.0681 0.0672 0.0783 0.0688
|
0.7030 0.6478 0.6415 0.4480 0.3930 0.2668 0.2189 0.1460 0.1249 0.1097 0.1059 0.0999 0.0961 0.1040 0.1149 0.1394 0.1835 0.2184 0.2200 0.2253
0.8590 0.8708 0.8638 0.6875 0.6163 0.4422 0.3526 0.2385 0.1992 0.1687 0.1571 0.1424 0.1210 0.1124 0.1132 0.1253 0.1914 0.2249 0.2363 0.2557
0.8649 0.8831 0.8836 0.7586 0.6910 0.4921 0.3854 0.2259 0.1856 0.1603 0.1659 0.1487 0.1368 0.1306 0.1300 0.1383 0.1657 0.1725 0.1672 0.1678
0.8574 0.8893 0.8896 0.8558 0.8020 0.6660 0.5568 0.3291 0.2270 0.1595 0.1510 0.1391 0.1186 0.1055 0.1010 0.1088 0.1437 0.1821 0.1901 0.1998
0.8377 0.8796 0.8857 0.8722 0.8529 0.7604 0.6820 0.4523 0.3413 0.2317 0.2163 0.1620 0.1399 0.1180 0.1173 0.1161 0.1490 0.1830 0.1938 0.2046
0.8198 0.8421 0.8456 0.8537 0.8525 0.8150 0.7690 0.5659 0.4506 0.2937 0.2717 0.2088 0.1721 0.1536 0.1538 0.1551 0.1648 0.1908 0.1870 0.1850
0.8580 0.8870 0.8954 0.8996 0.8997 0.8846 0.8635 0.7364 0.5868 0.4174 0.3710 0.2608 0.1938 0.1544 0.1478 0.1449 0.1454 0.1523 0.1531 0.1524
0.8614 0.8938 0.8972 0.9138 0.9110 0.9156 0.9088 0.8687 0.8160 0.6734 0.6287 0.4710 0.3455 0.2387 0.2143 0.1793 0.1694 0.1833 0.1825 0.1771
0.8381 0.8651 0.8680 0.8803 0.8819 0.8901 0.8909 0.8737 0.8665 0.7831 0.7438 0.6143 0.4662 0.3061 0.2643 0.2006 0.1676 0.1695 0.1678 0.1576
0.8491 0.8714 0.8805 0.8886 0.8852 0.8848 0.8882 0.8949 0.8927 0.8682 0.8468 0.7776 0.6093 0.4251 0.3772 0.2764 0.1898 0.1887 0.1825 0.1717
0.7949 0.8208 0.8288 0.8450 0.8423 0.8470 0.8504 0.8336 0.8454 0.8194 0.8147 0.7215 0.6078 0.4450 0.3908 0.2922 0.2057 0.1919 0.1869 0.1646
0.8739 0.8990 0.9020 0.9055 0.9051 0.9023 0.8995 0.8848 0.8844 0.8802 0.8769 0.8550 0.7599 0.5978 0.5349 0.3987 0.2436 0.2073 0.1906 0.1657
0.8696 0.9028 0.9071 0.9157 0.9166 0.9200 0.9173 0.9063 0.9103 0.9162 0.9130 0.9086 0.8782 0.7794 0.7293 0.5931 0.3723 0.2926 0.2618 0.2062
0.7589 0.7783 0.7839 0.8023 0.8068 0.8209 0.8280 0.8485 0.8526 0.8644 0.8680 0.8663 0.8478 0.7961 0.7603 0.6669 0.4654 0.3638 0.3174 0.2423
0.8578 0.8960 0.9036 0.9194 0.9233 0.9191 0.9176 0.9126 0.9108 0.9153 0.9183 0.9230 0.9200 0.8927 0.8733 0.7910 0.5392 0.3801 0.3082 0.1972
0.8535 0.8941 0.8996 0.9125 0.9168 0.9139 0.9159 0.9045 0.9039 0.9075 0.9036 0.9126 0.9163 0.9019 0.8956 0.8679 0.7196 0.5774 0.4896 0.2946
0.8812 0.9141 0.9201 0.9242 0.9250 0.9249 0.9248 0.9090 0.9073 0.9148 0.9088 0.9196 0.9196 0.9131 0.9115 0.8931 0.8370 0.7358 0.6618 0.4417
0.8312 0.8733 0.8803 0.8864 0.8867 0.8802 0.8803 0.8585 0.8561 0.8668 0.8585 0.8773 0.8768 0.8764 0.8788 0.8783 0.8741 0.8382 0.7983 0.6071
0.8670 0.9064 0.9097 0.9172 0.9162 0.9094 0.9048 0.8951 0.8959 0.8991 0.8923 0.9000 0.8982 0.8941 0.8962 0.8915 0.9019 0.8932 0.8766 0.7552
0.8530 0.9014 0.9041 0.9150 0.9165 0.9150 0.9140 0.9043 0.9056 0.9112 0.9047 0.9116 0.9157 0.9006 0.8991 0.8972 0.8942 0.8913 0.8874 0.8368

Final Accuracy: 0.8989
Backward: 0.0528
Forward:  0.6584
