0.1262 0.1161 0.1166 0.0908 0.0738 0.0732 0.0814 0.0905 0.0823 0.0884 0.0791 0.0806 0.0904 0.1111 0.1308 0.1187 0.1235 0.1175 0.1056 0.0972
|
0.7067 0.6952 0.6472 0.5361 0.4757 0.3540 0.2745 0.1742 0.1494 0.1445 0.1455 0.1417 0.1495 0.1681 0.1741 0.1720 0.1662 0.1586 0.1555 0.1648
0.8324 0.8586 0.8157 0.7036 0.6352 0.4617 0.3512 0.2248 0.1772 0.1606 0.1226 0.1128 0.1100 0.1190 0.1301 0.1356 0.1400 0.1450 0.1367 0.1488
0.8299 0.8887 0.8826 0.8262 0.7740 0.6110 0.4599 0.2513 0.1970 0.1784 0.1518 0.1384 0.1363 0.1480 0.1570 0.1714 0.1725 0.1736 0.1689 0.1815
0.8312 0.8847 0.9017 0.8898 0.8633 0.7719 0.6494 0.3957 0.3157 0.2424 0.2008 0.1644 0.1487 0.1397 0.1417 0.1532 0.1585 0.1804 0.1838 0.2110
0.8500 0.9020 0.9156 0.9048 0.8891 0.8008 0.6842 0.4173 0.3225 0.2467 0.2057 0.1699 0.1557 0.1438 0.1457 0.1462 0.1534 0.1675 0.1701 0.1905
0.8644 0.9110 0.9229 0.9230 0.9179 0.8850 0.8267 0.5819 0.4464 0.3450 0.2436 0.1798 0.1533 0.1400 0.1381 0.1540 0.1622 0.1872 0.1931 0.2263
0.8505 0.8969 0.9133 0.9201 0.9194 0.9129 0.8959 0.7755 0.6749 0.5777 0.4217 0.3134 0.2502 0.1878 0.1563 0.1501 0.1471 0.1713 0.1797 0.2078
0.8647 0.8997 0.9104 0.9149 0.9160 0.9120 0.9040 0.8596 0.7982 0.7490 0.5990 0.4684 0.3565 0.2303 0.1602 0.1243 0.1121 0.1318 0.1313 0.1544
0.7412 0.7719 0.7793 0.7931 0.7997 0.8032 0.8035 0.7830 0.7497 0.6799 0.5763 0.4329 0.3282 0.2074 0.1413 0.1129 0.1004 0.1123 0.1154 0.1292
0.8322 0.8790 0.8924 0.8969 0.8929 0.8817 0.8676 0.8590 0.8302 0.8284 0.7208 0.6248 0.5121 0.3414 0.2451 0.1969 0.1626 0.1629 0.1574 0.1528
0.8472 0.8929 0.9013 0.9060 0.9016 0.8941 0.8815 0.8848 0.8775 0.8813 0.8459 0.7915 0.7011 0.5254 0.3516 0.2347 0.1767 0.1699 0.1641 0.1718
0.7900 0.8482 0.8651 0.8639 0.8587 0.8467 0.8443 0.8531 0.8630 0.8586 0.8382 0.7896 0.7100 0.5392 0.3802 0.2781 0.2110 0.1918 0.1827 0.1774
0.7890 0.8376 0.8324 0.8288 0.8246 0.8088 0.8087 0.8168 0.8119 0.8142 0.8118 0.7997 0.7738 0.6598 0.5239 0.3855 0.2919 0.2402 0.2198 0.1956
0.8476 0.8868 0.8988 0.9025 0.9065 0.9024 0.9000 0.8940 0.8915 0.8941 0.8834 0.8823 0.8702 0.8156 0.7004 0.5294 0.3912 0.3070 0.2720 0.1801
0.8513 0.8960 0.9105 0.9167 0.9162 0.9122 0.9060 0.9009 0.8992 0.8980 0.8962 0.8948 0.8985 0.8706 0.8132 0.6855 0.5203 0.3914 0.3366 0.2145
0.8483 0.8943 0.9055 0.9133 0.9100 0.9059 0.9033 0.9022 0.9015 0.9037 0.8956 0.8990 0.8971 0.8858 0.8549 0.7944 0.6821 0.5585 0.4819 0.3153
0.5044 0.5664 0.5683 0.5450 0.5416 0.5086 0.5063 0.5294 0.5073 0.5317 0.5161 0.5294 0.5248 0.4966 0.4922 0.4660 0.4110 0.3785 0.3529 0.2524
0.7941 0.8520 0.8657 0.8694 0.8758 0.8642 0.8613 0.8508 0.8339 0.8309 0.8466 0.8366 0.8456 0.8353 0.8303 0.8058 0.7642 0.7002 0.6512 0.4717
0.8418 0.8915 0.9010 0.9086 0.9103 0.9029 0.9032 0.8968 0.8932 0.8908 0.8921 0.8855 0.8915 0.8889 0.8905 0.8984 0.8846 0.8617 0.8408 0.6916
0.7057 0.7654 0.7738 0.7866 0.7850 0.7703 0.7674 0.7698 0.7814 0.7959 0.8028 0.8222 0.8253 0.8147 0.7882 0.7881 0.7824 0.7690 0.7562 0.6626

Final Accuracy: 0.7756
Backward: -0.0190
Forward:  0.5943
