0.1079 0.0998 0.0960 0.0904 0.0916 0.1061 0.1108 0.1059 0.1093 0.1045 0.1058 0.0929 0.0830 0.1134 0.1243 0.1192 0.1188 0.1258 0.1148 0.0904
|
0.6201 0.6092 0.5930 0.4585 0.3810 0.3270 0.2511 0.2174 0.1888 0.1503 0.1495 0.1501 0.1431 0.1416 0.1554 0.1688 0.1869 0.1795 0.1744 0.1815
0.6778 0.6941 0.6787 0.5546 0.4505 0.3680 0.2436 0.1834 0.1495 0.0983 0.0983 0.0815 0.0821 0.0846 0.0865 0.0937 0.0999 0.1007 0.1109 0.1152
0.8262 0.8572 0.8598 0.7999 0.6889 0.5950 0.4273 0.3198 0.2373 0.1387 0.1392 0.1263 0.1191 0.1263 0.1285 0.1400 0.1475 0.1503 0.1767 0.1859
0.8048 0.8434 0.8517 0.8630 0.8263 0.7658 0.6124 0.4806 0.3842 0.2053 0.1911 0.1570 0.1296 0.1159 0.1122 0.1098 0.1112 0.1199 0.1336 0.1417
0.8490 0.8776 0.8921 0.9053 0.8887 0.8488 0.7282 0.6219 0.5242 0.2728 0.2737 0.2003 0.1678 0.1558 0.1547 0.1543 0.1542 0.1568 0.1794 0.1750
0.8491 0.8781 0.8942 0.9093 0.8973 0.8809 0.8019 0.7108 0.6159 0.3297 0.3108 0.1903 0.1375 0.1186 0.1092 0.1178 0.1277 0.1400 0.1732 0.1825
0.8372 0.8610 0.8760 0.8931 0.8895 0.8812 0.8387 0.7776 0.6999 0.3933 0.3684 0.2107 0.1315 0.1001 0.1001 0.1139 0.1180 0.1273 0.1323 0.1366
0.8151 0.8387 0.8510 0.8812 0.8891 0.8904 0.8824 0.8612 0.8247 0.6378 0.6202 0.4419 0.2892 0.1879 0.1557 0.1390 0.1278 0.1351 0.1775 0.2075
0.6603 0.6829 0.7012 0.7508 0.7719 0.7889 0.7996 0.7945 0.7793 0.6528 0.6298 0.4592 0.3345 0.2099 0.1786 0.1593 0.1520 0.1530 0.1640 0.1708
0.8550 0.8777 0.8849 0.9048 0.9075 0.9057 0.8985 0.8898 0.8786 0.7984 0.7867 0.6676 0.5033 0.3356 0.2659 0.1970 0.1515 0.1485 0.1565 0.1686
0.7795 0.8041 0.8124 0.8323 0.8368 0.8402 0.8475 0.8422 0.8384 0.8137 0.8080 0.7086 0.5675 0.4027 0.3211 0.2291 0.1719 0.1573 0.1580 0.1502
0.7023 0.7425 0.7635 0.7894 0.8093 0.8171 0.8260 0.8313 0.8256 0.8359 0.8361 0.8058 0.7249 0.5595 0.4677 0.3363 0.2051 0.1797 0.1381 0.1547
0.7769 0.7939 0.7957 0.8072 0.8053 0.7978 0.7999 0.7873 0.7827 0.7894 0.7857 0.7921 0.7716 0.6752 0.5911 0.4663 0.3350 0.2850 0.2176 0.2056
0.8567 0.8749 0.8896 0.8903 0.8881 0.8821 0.8618 0.8591 0.8441 0.8272 0.8282 0.8112 0.7871 0.7338 0.6867 0.5803 0.4382 0.3719 0.2564 0.2233
0.7371 0.7684 0.7771 0.8021 0.8138 0.8277 0.8373 0.8324 0.8338 0.8184 0.8205 0.8109 0.8026 0.7641 0.7267 0.6428 0.5249 0.4563 0.3117 0.2551
0.8765 0.8927 0.9023 0.9035 0.9049 0.9107 0.9108 0.9026 0.9025 0.9024 0.9022 0.9059 0.9046 0.8895 0.8725 0.8312 0.7397 0.6555 0.4327 0.3396
0.8332 0.8528 0.8656 0.8664 0.8702 0.8785 0.8774 0.8749 0.8753 0.8695 0.8771 0.8778 0.8821 0.8871 0.8818 0.8636 0.8186 0.7630 0.5870 0.4817
0.8574 0.8798 0.8940 0.9045 0.9073 0.9124 0.9051 0.9077 0.9019 0.9086 0.9086 0.9051 0.9096 0.9071 0.9053 0.8991 0.8881 0.8692 0.7337 0.6290
0.8554 0.8823 0.9009 0.9086 0.9137 0.9139 0.9110 0.9145 0.9107 0.9137 0.9140 0.9132 0.9126 0.9124 0.9104 0.9070 0.9018 0.8989 0.8378 0.7784
0.8564 0.8740 0.8888 0.9030 0.9055 0.9062 0.9042 0.9036 0.9002 0.9033 0.9070 0.9045 0.9093 0.9084 0.9090 0.9080 0.9096 0.9071 0.8825 0.8510

Final Accuracy: 0.8971
Backward: 0.0902
Forward:  0.6028
