0.1244 0.1211 0.1175 0.1008 0.0813 0.0761 0.0738 0.0820 0.0818 0.0849 0.0846 0.0751 0.0985 0.1103 0.1426 0.1242 0.1237 0.1192 0.1076 0.1050
|
0.7663 0.7349 0.6552 0.5127 0.4063 0.2741 0.2665 0.1776 0.1371 0.1315 0.1323 0.1363 0.1364 0.1527 0.1591 0.1502 0.1609 0.1652 0.1762 0.1923
0.8429 0.8582 0.8023 0.6628 0.5231 0.3567 0.3524 0.2548 0.1961 0.1663 0.1659 0.1376 0.1289 0.1285 0.1351 0.1312 0.1378 0.1410 0.1443 0.1508
0.8112 0.8645 0.8572 0.7864 0.6773 0.4880 0.4805 0.3264 0.2076 0.1621 0.1636 0.1383 0.1297 0.1302 0.1335 0.1330 0.1379 0.1453 0.1421 0.1539
0.8047 0.8731 0.8930 0.8770 0.8225 0.6669 0.6594 0.4708 0.3127 0.2194 0.2198 0.1631 0.1395 0.1374 0.1415 0.1406 0.1596 0.1678 0.1783 0.1919
0.7728 0.8469 0.8708 0.8893 0.8779 0.7950 0.7882 0.6237 0.4347 0.2965 0.2950 0.2181 0.1959 0.1873 0.1805 0.1673 0.1706 0.1672 0.1564 0.1572
0.8217 0.8792 0.8964 0.9105 0.9054 0.8806 0.8773 0.7832 0.5942 0.4033 0.4002 0.2286 0.1745 0.1690 0.1583 0.1472 0.1582 0.1676 0.1718 0.1829
0.8520 0.8966 0.9099 0.9164 0.9135 0.8904 0.8884 0.7951 0.5944 0.4031 0.4022 0.2164 0.1589 0.1498 0.1556 0.1529 0.1670 0.1660 0.1728 0.1769
0.8187 0.8710 0.8886 0.8943 0.8983 0.9084 0.9078 0.8903 0.7990 0.6209 0.6181 0.3521 0.2442 0.2018 0.1548 0.1468 0.1449 0.1472 0.1541 0.1715
0.8194 0.8641 0.8792 0.8921 0.8897 0.8963 0.8951 0.8854 0.8597 0.7572 0.7560 0.5291 0.3888 0.3038 0.2005 0.1677 0.1678 0.1624 0.1657 0.1652
0.7070 0.7526 0.7617 0.7689 0.7702 0.7850 0.7899 0.7963 0.7934 0.7769 0.7780 0.6361 0.4921 0.3955 0.2277 0.1821 0.1536 0.1316 0.1240 0.1307
0.8255 0.8767 0.8857 0.8897 0.8905 0.8882 0.8862 0.8753 0.8681 0.8529 0.8522 0.7263 0.5957 0.4937 0.3130 0.2607 0.2247 0.1910 0.1965 0.1934
0.8326 0.8874 0.8980 0.9037 0.9002 0.8975 0.8975 0.8872 0.8974 0.8986 0.8985 0.8766 0.8123 0.7432 0.5254 0.4462 0.3725 0.2978 0.2602 0.2317
0.8514 0.8975 0.9059 0.9157 0.9137 0.9235 0.9215 0.9150 0.9192 0.9247 0.9248 0.9188 0.8958 0.8608 0.6946 0.6137 0.5077 0.3750 0.2777 0.2288
0.8604 0.9019 0.9124 0.9181 0.9213 0.9251 0.9241 0.9178 0.9139 0.9169 0.9165 0.9121 0.8971 0.8773 0.7286 0.6575 0.5548 0.4222 0.3071 0.2516
0.8494 0.8945 0.9082 0.9161 0.9161 0.9220 0.9229 0.9136 0.9101 0.9161 0.9156 0.9198 0.9203 0.9154 0.8716 0.8309 0.7572 0.6349 0.4683 0.3624
0.8414 0.8883 0.9036 0.9102 0.9150 0.9220 0.9210 0.9188 0.9111 0.9144 0.9135 0.9163 0.9176 0.9169 0.8841 0.8645 0.8093 0.7077 0.5254 0.4004
0.6219 0.6755 0.6919 0.6737 0.6755 0.6850 0.6844 0.6941 0.7181 0.7596 0.7578 0.7874 0.8118 0.8186 0.8171 0.8037 0.7729 0.7112 0.5690 0.4431
0.7276 0.7999 0.8128 0.8238 0.8301 0.8393 0.8393 0.8318 0.8212 0.8153 0.8153 0.8216 0.8182 0.8155 0.8128 0.8071 0.7978 0.7620 0.6403 0.5402
0.8355 0.8937 0.9072 0.9140 0.9089 0.9158 0.9166 0.9099 0.9081 0.9112 0.9109 0.9144 0.9191 0.9174 0.9177 0.9176 0.9154 0.9085 0.8743 0.8086
0.8302 0.8924 0.9040 0.9102 0.9036 0.9115 0.9107 0.9081 0.9047 0.9070 0.9076 0.9085 0.9151 0.9129 0.9132 0.9136 0.9141 0.9133 0.8970 0.8634

Final Accuracy: 0.9021
Backward: 0.0499
Forward:  0.6483
